0,0,3,1000
11999.000000,942.809082
2401940
948057
578115
159403
167844
293543
178266
38910
152716
90751
205565
55454
173333
253920
134387
87081
50189
44819
97548
67765
59025
43223
34379
39967
39037
54313
15075
55704
11259
37486
37717
51795
105914
34626
24619
41575
29590
22860
22305
40501
56519
13050
114287
59719
34867
41629
50005
17785
44454
20027
36791
21873
21673
37652
24401
10455
75353
32116
33669
15275
40227
63808
26335
42427
13851
23451
8359
25061
29000
25344
2849
40853
11759
15639
21369
8618
20026
9300
23063
15008
14205
13804
4272
45599
21338
25363
4967
14095
15505
9611
13507
25333
28482
16283
14861
7082
22128
19285
20744
11249
11747
13544
14031
20411
21131
10254
8589
16234
23364
8828
14011
13143
8563
14274
16665
9046
17790
6754
7205
13925
7779
22465
3029
22078
6648
25497
11165
2811
24152
11347
10471
8035
29159
20147
9403
7771
8663
16119
6395
11767
22282
8213
2560
23668
9829
16315
4695
12583
12443
13417
15769
19701
8803
10323
10141
7651
8055
7633
14044
5259
6491
6978
11835
2992
20376
9232
16293
7529
5317
1454
7045
9115
8092
5501
6775
1971
11503
18209
9419
6819
6709
11581
6674
11314
7993
7295
12319
8269
5056
6274
10766
20563
9451
6645
4609
15466
10989
2869
10166
14519
11491
5692
5701
11289
12762
6229
10253
5643
4974
7001
3539
6989
16934
5859
5131
1902
9533
11590
7437
4231
10326
2819
8697
4170
4430
7877
10105
2999
1723
7804
5862
2927
3009
6549
7799
1615
6711
2425
4153
7377
8507
3393
5963
3110
4416
5195
3651
3009
9122
2706
3413
2608
6147
5144
10659
9251
2802
6932
4643
9894
5731
6392
6834
5663
5214
2469
7907
1123
4599
2057
4467
3424
2679
3116
2777
2807
2035
5352
1983
2070
2855
844
3403
9934
4122
7653
3259
6873
3907
8967
1974
4690
3931
5711
2922
1531
5448
5655
889
5167
3068
6361
4847
10530
2307
2313
3128
1587
4709
3649
12238
1768
1915
5831
10367
2282
3571
2195
6685
8288
8045
4481
2855
4105
4376
2101
2198
5679
12370
7066
3259
3394
1491
5029
1527
10366
6523
3682
4701
5403
4033
1800
1867
2097
3239
611
3015
3141
7531
1035
2630
13377
2378
1821
2453
2892
5063
2947
1812
7578
2041
2823
3497
6127
2496
1680
4549
1210
4942
3309
5784
4840
3257
7091
6250
839
4436
5392
5391
1515
5063
4705
2704
2276
2543
1239
3413
4805
3527
6452
2070
1267
3381
4297
1093
4243
5418
6065
6601
3391
4006
1593
2855
6035
5090
7899
3101
1885
4462
1924
7523
5687
1110
4723
4061
3311
2770
1845
7741
4555
8135
2627
1994
4065
2989
1129
2320
5518
3413
3605
3361
4965
3839
1420
4866
2386
2370
2987
2512
2293
1624
4996
2019
1669
6710
4196
2287
4007
1428
1760
5661
1064
9147
2781
5223
4180
771
6379
2507
2281
3113
2295
2781
4962
6428
3701
3495
3374
5091
2245
2035
1756
4309
2549
1391
2439
1263
4733
2523
2040
1609
927
2025
7891
15955
2315
337
1073
2223
3974
2724
1397
1434
1341
3291
1916
1734
918
11539
1779
2201
1248
3789
2984
4960
2843
2608
1473
3315
4537
3663
2079
1383
2511
2011
1367
2743
3910
2965
1507
1244
2869
6679
1974
1173
1331
2313
1283
1288
2103
1254
2354
2184
4960
3084
5383
1930
224
1579
1517
2874
950
2504
3049
2481
804
3068
372
2539
1349
1183
1414
1438
229
857
524
2493
2437
7106
3523
3538
6397
1759
2129
699
2531
2773
1725
1555
3783
3275
1441
3187
3182
2116
2472
2287
763
1360
1547
483
1167
2837
3913
589
2557
659
1748
723
4039
2665
821
3805
1841
439
912
3089
417
1861
1804
2876
9567
3943
3455
1448
1810
2244
3089
2687
768
1399
3081
1311
5197
2769
497
2487
4571
730
2677
555
944
2417
2149
2847
1133
4142
959
2130
1317
3365
4526
5250
3395
1917
2971
4169
5753
2609
2073
4869
1057
3927
4052
1832
3145
935
4555
1437
2575
3275
1263
1429
2141
2397
3291
1929
2741
2615
1911
1455
1145
2064
3688
1496
3198
1925
249
2005
1827
6159
1627
4360
1231
1671
2647
2241
3405
1521
1375
2215
1429
1251
4953
687
2674
3285
1358
2469
1912
2517
2027
1323
361
1578
3185
1643
662
3129
3130
4214
2358
371
1956
3673
2693
513
4033
2255
1127
2964
651
1886
1119
1247
2324
1780
5571
663
1896
786
3108
1031
1239
1400
176
831
442
1949
1693
3426
1603
544
2951
2573
1377
1228
1373
3481
1845
1125
2197
3792
1573
4471
5589
1471
1285
2971
870
4437
1249
636
3136
2021
241
3052
739
1485
863
2241
407
582
4141
1107
2963
1569
2103
2201
1678
1502
351
2713
1993
892
1633
1624
3801
2626
1305
585
2177
1219
2044
1711
1288
1000
5254
4570
1957
1015
514
3771
2867
2093
2720
1375
1191
1598
3668
2375
146
2759
4547
487
882
1526
3253
1433
1399
2345
1551
750
1210
1375
1259
2902
1969
3045
718
1212
2135
1451
1091
1173
763
1791
5287
965
2507
1730
2385
2665
2018
1859
3726
908
293
1275
1547
2416
3163
2396
435
931
2023
1266
238
1615
1157
1963
2570
559
726
1875
697
2882
357
1992
1371
801
2783
1240
1355
1527
1469
1809
813
3345
1220
1765
1493
1403
752
3551
1491
3261
960
4885
1489
1941
1721
1869
1711
946
1566
449
801
1592
1559
1345
1750
2517
1085
1215
2727
1495
435
642
2412
195
3101
660
1548
2472
2525
1543
5779
1151
2958
393
927
892
1139
2279
1321
667
2883
1443
1245
288
189
2041
1341
420
455
253
2151
5405
1732
561
2114
905
2362
2612
1040
1119
2503
544
1507
732
180
6062
1505
1259
701
3649
2677
1601
697
1581
601
500
869
376
1527
4941
1577
330
1840
1525
2472
460
893
1975
1733
2282
843
2040
1769
977
2420
1403
573
713
2515
2121
551
1011
1283
513
2563
1887
1947
157
1360
1321
1033
601
1352
1746
635
2430
617
1464
539
2306
2305
930
1959
