2,2,3,100
92884.664062,4368.651855
901533
282259
647640
412333
423547
598270
331397
1003077
317331
376995
164390
120037
224059
331809
192110
329579
159053
424314
69383
108883
79226
238389
136776
134350
207435
118200
86687
11112
93945
23469
18914
52246
22489
39141
18789
24142
11309
8706
51060
5218
9395
19555
28343
24907
21141
7410
9790
12092
17183
14863
12152
16963
7646
13601
15308
12051
1591
8240
5645
8491
12521
9659
16703
6887
12561
7534
10506
3281
4459
6259
3773
5331
1279
1809
1173
7809
10981
1453
3832
2829
9362
1140
5734
2229
4905
13237
1899
5983
9968
6522
5389
1723
3447
918
4733
1043
7379
1335
4265
660
