2,0,3,1000
1552.000000,803.001892
878424
8983
20539
32490
3681
10447
8537
12117
29541
4275
11079
2700
9842
6816
4884
976
6765
4185
3919
3216
4040
2293
2991
5729
3835
4715
4227
1019
1527
1755
913
3927
257
2571
1841
1763
3169
3008
3375
2961
1094
2216
440
2423
613
1068
1403
4063
977
2570
2330
2987
1916
3603
1433
2372
1747
1241
852
617
767
1987
1153
987
2119
600
578
1719
1176
673
476
2209
365
982
660
1300
643
831
1055
2025
833
2399
1623
1866
2745
1456
455
2790
446
720
594
2808
1671
1149
2621
1312
1059
2026
592
1257
1352
467
573
2233
441
977
417
584
795
1489
1179
267
889
1593
780
217
1624
591
108
1527
896
1468
1009
860
908
451
1829
1027
1518
491
831
1622
772
1175
1737
310
448
985
219
1169
419
861
1569
250
546
610
273
596
286
345
1189
717
1087
571
714
1224
755
751
269
1351
1277
596
2599
483
609
445
1187
871
33
1945
975
156
255
485
1422
559
828
1276
1207
743
292
197
649
441
130
1269
1019
243
413
501
85
332
1101
533
1124
437
821
561
741
59
333
599
592
687
1178
746
603
612
995
454
1117
865
629
333
1297
506
599
303
263
185
1035
108
981
246
72
288
297
730
339
1034
403
583
525
427
622
761
993
237
127
271
164
648
735
777
1333
420
1454
705
295
260
258
551
1167
1607
513
494
239
429
335
851
433
703
1277
171
792
652
723
595
945
112
1626
578
453
1499
433
910
726
428
320
239
631
677
313
632
761
776
767
565
881
361
913
317
479
435
249
336
283
270
250
1017
171
457
581
288
911
465
453
212
98
558
657
194
231
883
237
646
663
359
455
463
541
221
531
272
1253
381
335
455
131
253
573
793
286
376
387
223
116
268
286
223
427
510
697
301
869
741
615
482
221
315
720
307
496
307
709
291
266
564
225
195
402
222
653
358
363
115
217
295
405
428
277
623
361
189
673
505
213
581
416
491
567
276
944
177
544
391
547
369
345
322
494
17
451
316
417
813
244
243
331
636
159
377
293
104
273
449
303
1063
273
497
369
623
221
275
851
253
379
37
49
317
131
207
399
179
301
128
177
753
371
39
492
237
523
404
490
237
311
319
175
368
597
423
248
99
511
177
171
505
203
711
365
521
122
645
110
271
493
743
229
191
253
265
617
403
116
162
119
191
111
331
370
366
145
108
239
77
270
364
243
213
533
270
297
401
786
569
425
592
401
543
556
75
170
195
346
190
431
399
198
411
352
639
359
778
249
68
292
191
170
181
396
474
465
281
229
511
181
263
497
471
539
745
359
305
102
294
377
409
512
487
105
79
245
243
386
843
769
172
217
516
881
239
170
294
375
447
256
534
372
336
159
127
298
694
282
199
386
772
406
395
490
645
382
89
97
409
209
432
100
312
253
161
761
275
169
123
108
286
51
277
530
767
244
455
351
179
588
58
167
226
268
215
435
701
361
189
285
509
217
279
119
371
175
273
1020
328
293
207
653
189
378
273
87
261
475
244
96
173
191
337
659
268
369
293
416
197
621
102
186
180
471
161
355
217
455
10
122
428
429
353
421
336
222
161
89
253
83
235
385
460
117
271
282
446
237
155
483
69
271
234
309
206
108
165
201
415
239
351
179
259
315
463
147
93
161
436
159
477
307
219
165
107
493
253
301
184
152
284
121
443
133
131
269
87
538
269
140
195
239
425
115
326
285
353
71
171
179
273
188
153
318
84
215
187
73
102
557
87
226
224
647
411
539
391
48
344
213
351
265
447
217
167
46
391
115
497
123
188
89
143
213
165
303
209
157
141
132
203
231
163
141
384
143
1056
299
262
59
76
369
265
329
313
432
135
122
194
86
146
349
380
109
467
416
237
73
290
229
276
390
321
291
243
277
77
15
299
63
239
249
102
139
156
69
119
230
147
229
149
71
105
186
209
149
34
97
113
118
55
298
221
217
436
201
413
153
143
160
239
620
128
87
127
359
161
150
341
207
201
329
147
89
261
320
451
332
137
376
196
127
71
288
419
238
249
229
383
391
387
206
91
155
381
106
108
446
143
61
125
291
458
211
365
189
179
158
640
123
73
161
153
140
103
45
124
137
385
90
129
622
286
77
193
96
79
183
95
157
198
138
241
211
109
377
107
137
124
291
181
310
135
77
243
90
139
44
135
227
85
233
85
211
101
283
180
517
177
152
645
347
145
136
83
325
419
249
361
177
153
189
107
98
38
97
182
130
50
193
154
395
183
103
175
494
132
93
402
87
276
327
201
141
296
157
62
172
114
212
191
102
199
268
256
281
149
107
140
257
286
109
91
190
109
45
389
287
89
173
265
99
64
75
29
208
49
105
139
204
193
139
77
236
135
107
298
91
318
115
297
79
113
